*********Start Values**************
-Plan Length Years = 40
-Monthly Available Income = 3500
Contribution Percentages House vs Investments (Adjusted to meet min mortgage payment and rent):
27.8, 28.7, 28.7, 27.8, 27.8, 27.8, 27.8, 27.8, 27.8, 27.8, 27.8, 27.8, 27.8, 27.8, 27.8, 27.8, 27.8, 27.8, 27.8, 27.8, 27.8, 27.8, 27.8, 27.8, 27.8, 27.8, 27.8, 27.8, 27.8, 27.8, 0.7, 0.7, 0.7, 2.1, 2.1, 3.5, 3.5, 3.5, 2.6, 2.6, 4.3, 4.3, 4.3, 96.5, 96.5, 97.9, 97.9, 97.9, 97.0, 97.0, 
-House Appreciation Rate = 5.0
-Mortgage Rate = 5.0
-House Value = 210567.05026136374
-Mortgage Loan Amount = 181134.10052272747
-Monthly Insurance =  125.0
-Monthly PMI = 120.0
-Property Tax Rate = 1.2
-Monthy HOA Fee = 0.0
-Yearly Up Keep = 4000.0
-Yearly Return Rate = 7.0
-Current Value = 567.0502613637509

*********Results**************
-home profit Summary[profitOrCost=-674770.0241254546, debt=-3085.7058057998547]
-min monthly payment 972.3670182545462
-down payment 29432.94973863625
-fund interest Summary[profitOrCost=6411445.294219979, debt=0.0]
-home schedule
[972.37, 972.37, 972.37, 972.37, 972.37, 972.37, 972.37, 972.37, 972.37, 972.37, 972.37, 972.37, 1003.93, 1003.93, 1003.93, 1003.93, 1003.93, 1003.93, 1003.93, 1003.93, 1003.93, 1003.93, 1003.93, 1003.93, 1003.93, 1003.93, 1003.93, 1003.93, 1003.93, 1003.93, 1003.93, 1003.93, 1003.93, 1003.93, 1003.93, 1003.93, 972.57, 972.57, 972.57, 972.57, 972.57, 972.57, 972.57, 972.57, 972.57, 972.57, 972.57, 972.57, 972.57, 972.57, 972.57, 972.57, 972.57, 972.57, 972.57, 972.57, 972.57, 972.57, 972.57, 972.57, 972.57, 972.57, 972.57, 972.57, 972.57, 972.57, 972.57, 972.57, 972.57, 972.57, 972.57, 972.57, 972.37, 972.37, 972.37, 972.37, 972.37, 972.37, 972.37, 972.37, 972.37, 972.37, 972.37, 972.37, 972.37, 972.37, 972.37, 972.37, 972.37, 972.37, 972.37, 972.37, 972.37, 972.37, 972.37, 972.37, 972.37, 972.37, 972.37, 972.37, 972.37, 972.37, 972.37, 972.37, 972.37, 972.37, 972.37, 972.37, 972.37, 972.37, 972.37, 972.37, 972.37, 972.37, 972.37, 972.37, 972.37, 972.37, 972.37, 972.37, 972.37, 972.37, 972.37, 972.37, 972.37, 972.37, 972.37, 972.37, 972.37, 972.37, 972.37, 972.37, 972.37, 972.37, 972.37, 972.37, 972.37, 972.37, 972.37, 972.37, 972.37, 972.37, 972.37, 972.37, 972.37, 972.37, 972.37, 972.37, 972.37, 972.37, 972.37, 972.37, 972.37, 972.37, 972.37, 972.37, 972.37, 972.37, 972.37, 972.37, 972.37, 972.37, 972.37, 972.37, 972.37, 972.37, 972.37, 972.37, 972.37, 972.37, 972.37, 972.37, 972.37, 972.37, 972.37, 972.37, 972.37, 972.37, 972.37, 972.37, 972.37, 972.37, 972.37, 972.37, 972.37, 972.37, 972.37, 972.37, 972.37, 972.37, 972.37, 972.37, 972.37, 972.37, 972.37, 972.37, 972.37, 972.37, 972.37, 972.37, 972.37, 972.37, 972.37, 972.37, 972.37, 972.37, 972.37, 972.37, 972.37, 972.37, 972.37, 972.37, 972.37, 972.37, 972.37, 972.37, 972.37, 972.37, 972.37, 972.37, 972.37, 972.37, 972.37, 972.37, 972.37, 972.37, 972.37, 972.37, 972.37, 972.37, 972.37, 972.37, 972.37, 972.37, 972.37, 972.37, 972.37, 972.37, 972.37, 972.37, 972.37, 972.37, 972.37, 972.37, 972.37, 972.37, 972.37, 972.37, 972.37, 972.37, 972.37, 972.37, 972.37, 972.37, 972.37, 972.37, 972.37, 972.37, 972.37, 972.37, 972.37, 972.37, 972.37, 972.37, 972.37, 972.37, 972.37, 972.37, 972.37, 972.37, 972.37, 972.37, 972.37, 972.37, 972.37, 972.37, 972.37, 972.37, 972.37, 972.37, 972.37, 972.37, 972.37, 972.37, 972.37, 972.37, 972.37, 972.37, 972.37, 972.37, 972.37, 972.37, 972.37, 972.37, 972.37, 972.37, 972.37, 972.37, 972.37, 972.37, 972.37, 972.37, 972.37, 972.37, 972.37, 972.37, 972.37, 972.37, 972.37, 972.37, 972.37, 972.37, 972.37, 972.37, 972.37, 972.37, 972.37, 972.37, 972.37, 972.37, 972.37, 972.37, 972.37, 972.37, 972.37, 972.37, 972.37, 972.37, 972.37, 972.37, 972.37, 972.37, 972.37, 972.37, 972.37, 972.37, 972.37, 972.37, 972.37, 972.37, 972.37, 972.37, 972.37, 972.37, 972.37, 972.37, 972.37, 972.37, 972.37, 972.37, 972.37, 972.37, 972.37, 972.37, 972.37, 972.37, 972.37, 972.37, 972.37, 972.37, 24.14, 24.14, 24.14, 24.14, 24.14, 24.14, 24.14, 24.14, 24.14, 24.14, 24.14, 24.14, 0.0, 0.0, 0.0, 0.0, 0.0, 0.0, 0.0, 0.0, 0.0, 0.0, 0.0, 0.0, 0.0, 0.0, 0.0, 0.0, 0.0, 0.0, 0.0, 0.0, 0.0, 0.0, 0.0, 0.0, 0.0, 0.0, 0.0, 0.0, 0.0, 0.0, 0.0, 0.0, 0.0, 0.0, 0.0, 0.0, 0.0, 0.0, 0.0, 0.0, 0.0, 0.0, 0.0, 0.0, 0.0, 0.0, 0.0, 0.0, 0.0, 0.0, 0.0, 0.0, 0.0, 0.0, 0.0, 0.0, 0.0, 0.0, 0.0, 0.0, 0.0, 0.0, 0.0, 0.0, 0.0, 0.0, 0.0, 0.0, 0.0, 0.0, 0.0, 0.0, 0.0, 0.0, 0.0, 0.0, 0.0, 0.0, 0.0, 0.0, 0.0, 0.0, 0.0, 0.0, 0.0, 0.0, 0.0, 0.0, 0.0, 0.0, 0.0, 0.0, 0.0, 0.0, 0.0, 0.0, 0.0, 0.0, 0.0, 0.0, 0.0, 0.0, 0.0, 0.0, 0.0, 0.0, 0.0, 0.0]
-fund schedule
[2527.63, 2527.63, 2527.63, 2527.63, 2527.63, 2527.63, 2527.63, 2527.63, 2527.63, 2527.63, 2527.63, 2527.63, 2496.07, 2496.07, 2496.07, 2496.07, 2496.07, 2496.07, 2496.07, 2496.07, 2496.07, 2496.07, 2496.07, 2496.07, 2496.07, 2496.07, 2496.07, 2496.07, 2496.07, 2496.07, 2496.07, 2496.07, 2496.07, 2496.07, 2496.07, 2496.07, 2527.43, 2527.43, 2527.43, 2527.43, 2527.43, 2527.43, 2527.43, 2527.43, 2527.43, 2527.43, 2527.43, 2527.43, 2527.43, 2527.43, 2527.43, 2527.43, 2527.43, 2527.43, 2527.43, 2527.43, 2527.43, 2527.43, 2527.43, 2527.43, 2527.43, 2527.43, 2527.43, 2527.43, 2527.43, 2527.43, 2527.43, 2527.43, 2527.43, 2527.43, 2527.43, 2527.43, 2527.63, 2527.63, 2527.63, 2527.63, 2527.63, 2527.63, 2527.63, 2527.63, 2527.63, 2527.63, 2527.63, 2527.63, 2527.63, 2527.63, 2527.63, 2527.63, 2527.63, 2527.63, 2527.63, 2527.63, 2527.63, 2527.63, 2527.63, 2527.63, 2527.63, 2527.63, 2527.63, 2527.63, 2527.63, 2527.63, 2527.63, 2527.63, 2527.63, 2527.63, 2527.63, 2527.63, 2527.63, 2527.63, 2527.63, 2527.63, 2527.63, 2527.63, 2527.63, 2527.63, 2527.63, 2527.63, 2527.63, 2527.63, 2527.63, 2527.63, 2527.63, 2527.63, 2527.63, 2527.63, 2527.63, 2527.63, 2527.63, 2527.63, 2527.63, 2527.63, 2527.63, 2527.63, 2527.63, 2527.63, 2527.63, 2527.63, 2527.63, 2527.63, 2527.63, 2527.63, 2527.63, 2527.63, 2527.63, 2527.63, 2527.63, 2527.63, 2527.63, 2527.63, 2527.63, 2527.63, 2527.63, 2527.63, 2527.63, 2527.63, 2527.63, 2527.63, 2527.63, 2527.63, 2527.63, 2527.63, 2527.63, 2527.63, 2527.63, 2527.63, 2527.63, 2527.63, 2527.63, 2527.63, 2527.63, 2527.63, 2527.63, 2527.63, 2527.63, 2527.63, 2527.63, 2527.63, 2527.63, 2527.63, 2527.63, 2527.63, 2527.63, 2527.63, 2527.63, 2527.63, 2527.63, 2527.63, 2527.63, 2527.63, 2527.63, 2527.63, 2527.63, 2527.63, 2527.63, 2527.63, 2527.63, 2527.63, 2527.63, 2527.63, 2527.63, 2527.63, 2527.63, 2527.63, 2527.63, 2527.63, 2527.63, 2527.63, 2527.63, 2527.63, 2527.63, 2527.63, 2527.63, 2527.63, 2527.63, 2527.63, 2527.63, 2527.63, 2527.63, 2527.63, 2527.63, 2527.63, 2527.63, 2527.63, 2527.63, 2527.63, 2527.63, 2527.63, 2527.63, 2527.63, 2527.63, 2527.63, 2527.63, 2527.63, 2527.63, 2527.63, 2527.63, 2527.63, 2527.63, 2527.63, 2527.63, 2527.63, 2527.63, 2527.63, 2527.63, 2527.63, 2527.63, 2527.63, 2527.63, 2527.63, 2527.63, 2527.63, 2527.63, 2527.63, 2527.63, 2527.63, 2527.63, 2527.63, 2527.63, 2527.63, 2527.63, 2527.63, 2527.63, 2527.63, 2527.63, 2527.63, 2527.63, 2527.63, 2527.63, 2527.63, 2527.63, 2527.63, 2527.63, 2527.63, 2527.63, 2527.63, 2527.63, 2527.63, 2527.63, 2527.63, 2527.63, 2527.63, 2527.63, 2527.63, 2527.63, 2527.63, 2527.63, 2527.63, 2527.63, 2527.63, 2527.63, 2527.63, 2527.63, 2527.63, 2527.63, 2527.63, 2527.63, 2527.63, 2527.63, 2527.63, 2527.63, 2527.63, 2527.63, 2527.63, 2527.63, 2527.63, 2527.63, 2527.63, 2527.63, 2527.63, 2527.63, 2527.63, 2527.63, 2527.63, 2527.63, 2527.63, 2527.63, 2527.63, 2527.63, 2527.63, 2527.63, 2527.63, 2527.63, 2527.63, 2527.63, 2527.63, 2527.63, 2527.63, 2527.63, 2527.63, 2527.63, 2527.63, 2527.63, 2527.63, 2527.63, 2527.63, 2527.63, 2527.63, 2527.63, 2527.63, 2527.63, 2527.63, 2527.63, 2527.63, 2527.63, 2527.63, 2527.63, 2527.63, 2527.63, 2527.63, 2527.63, 2527.63, 2527.63, 2527.63, 2527.63, 2527.63, 2527.63, 2527.63, 2527.63, 2527.63, 3475.86, 3475.86, 3475.86, 3475.86, 3475.86, 3475.86, 3475.86, 3475.86, 3475.86, 3475.86, 3475.86, 3475.86, 3500.0, 3500.0, 3500.0, 3500.0, 3500.0, 3500.0, 3500.0, 3500.0, 3500.0, 3500.0, 3500.0, 3500.0, 3500.0, 3500.0, 3500.0, 3500.0, 3500.0, 3500.0, 3500.0, 3500.0, 3500.0, 3500.0, 3500.0, 3500.0, 3500.0, 3500.0, 3500.0, 3500.0, 3500.0, 3500.0, 3500.0, 3500.0, 3500.0, 3500.0, 3500.0, 3500.0, 3500.0, 3500.0, 3500.0, 3500.0, 3500.0, 3500.0, 3500.0, 3500.0, 3500.0, 3500.0, 3500.0, 3500.0, 3500.0, 3500.0, 3500.0, 3500.0, 3500.0, 3500.0, 3500.0, 3500.0, 3500.0, 3500.0, 3500.0, 3500.0, 3500.0, 3500.0, 3500.0, 3500.0, 3500.0, 3500.0, 3500.0, 3500.0, 3500.0, 3500.0, 3500.0, 3500.0, 3500.0, 3500.0, 3500.0, 3500.0, 3500.0, 3500.0, 3500.0, 3500.0, 3500.0, 3500.0, 3500.0, 3500.0, 3500.0, 3500.0, 3500.0, 3500.0, 3500.0, 3500.0, 3500.0, 3500.0, 3500.0, 3500.0, 3500.0, 3500.0, 3500.0, 3500.0, 3500.0, 3500.0, 3500.0, 3500.0, 3500.0, 3500.0, 3500.0, 3500.0, 3500.0, 3500.0]
-profit minus debt 5739760.975900324

****************DEBT**********************
          178.5k.                                    
                .   *   *                            
          133.1k.           *                        
                .               *                    
           87.7k.                   *                
                .                       *            
           42.3k.                           *        
                .                                    
           -3.1k................................*....
                0.0     6.0     12.0    24.0    30.0 
                                                     
                                                     
****************LOAN_INTEREST**********************
            9.0k.   *                                
                .       *                            
            6.8k.           *   *                    
                .                                    
            4.5k.                   *                
                .                       *            
            2.3k.                           *        
                .                                    
            0.0k................................*....
                0.0     6.0     12.0    24.0    30.0 
                                                     
                                                     
****************INVESTMENT**********************
            6.4m.                               *    
                .                                    
            4.8m.                                    
                .                           *        
            3.2m.                       *            
                .                                    
            1.6m.               *   *                
                .       *   *                        
            0.0m....*................................
                0.0     96.0    192.0   384.0   480.0
                                                     
                                                     
