*********Start Values**************
-Plan Length Years = 40
-Monthly Available Income = 3500
Contribution Percentages House vs Investments (Adjusted to meet min mortgage payment and rent):
34.0, 34.0, 34.0, 34.0, 34.0, 34.0, 34.0, 34.0, 34.0, 34.0, 34.0, 34.0, 34.0, 34.0, 34.0, 34.0, 34.0, 34.0, 34.0, 34.0, 34.0, 34.0, 34.0, 34.0, 34.0, 34.0, 34.0, 34.0, 34.0, 34.0, 17.1, 17.1, 16.2, 16.2, 17.6, 18.7, 18.7, 20.1, 20.1, 2.2, 2.2, 1.3, 1.3, 3.0, 4.4, 4.4, 5.8, 5.8, 4.9, 4.9, 
-House Appreciation Rate = 5.0
-Mortgage Rate = 5.0
-House Value = 250940.65403955043
-Mortgage Loan Amount = 221881.30807910085
-Monthly Insurance =  125.0
-Monthly PMI = 120.0
-Property Tax Rate = 1.2
-Monthy HOA Fee = 0.0
-Yearly Up Keep = 4000.0
-Yearly Return Rate = 7.0
-Current Value = 940.6540395504308

*********Results**************
-home profit Summary[profitOrCost=-772131.1139389843, debt=-2.630610758507828]
-min monthly payment 1191.1068391907954
-down payment 29059.34596044957
-fund interest Summary[profitOrCost=5910737.45885237, debt=0.0]
-home schedule
[1191.11, 1191.11, 1191.11, 1191.11, 1191.11, 1191.11, 1191.11, 1191.11, 1191.11, 1191.11, 1191.11, 1191.11, 1191.11, 1191.11, 1191.11, 1191.11, 1191.11, 1191.11, 1191.11, 1191.11, 1191.11, 1191.11, 1191.11, 1191.11, 1191.11, 1191.11, 1191.11, 1191.11, 1191.11, 1191.11, 1191.11, 1191.11, 1191.11, 1191.11, 1191.11, 1191.11, 1191.11, 1191.11, 1191.11, 1191.11, 1191.11, 1191.11, 1191.11, 1191.11, 1191.11, 1191.11, 1191.11, 1191.11, 1191.11, 1191.11, 1191.11, 1191.11, 1191.11, 1191.11, 1191.11, 1191.11, 1191.11, 1191.11, 1191.11, 1191.11, 1191.11, 1191.11, 1191.11, 1191.11, 1191.11, 1191.11, 1191.11, 1191.11, 1191.11, 1191.11, 1191.11, 1191.11, 1191.11, 1191.11, 1191.11, 1191.11, 1191.11, 1191.11, 1191.11, 1191.11, 1191.11, 1191.11, 1191.11, 1191.11, 1191.11, 1191.11, 1191.11, 1191.11, 1191.11, 1191.11, 1191.11, 1191.11, 1191.11, 1191.11, 1191.11, 1191.11, 1191.11, 1191.11, 1191.11, 1191.11, 1191.11, 1191.11, 1191.11, 1191.11, 1191.11, 1191.11, 1191.11, 1191.11, 1191.11, 1191.11, 1191.11, 1191.11, 1191.11, 1191.11, 1191.11, 1191.11, 1191.11, 1191.11, 1191.11, 1191.11, 1191.11, 1191.11, 1191.11, 1191.11, 1191.11, 1191.11, 1191.11, 1191.11, 1191.11, 1191.11, 1191.11, 1191.11, 1191.11, 1191.11, 1191.11, 1191.11, 1191.11, 1191.11, 1191.11, 1191.11, 1191.11, 1191.11, 1191.11, 1191.11, 1191.11, 1191.11, 1191.11, 1191.11, 1191.11, 1191.11, 1191.11, 1191.11, 1191.11, 1191.11, 1191.11, 1191.11, 1191.11, 1191.11, 1191.11, 1191.11, 1191.11, 1191.11, 1191.11, 1191.11, 1191.11, 1191.11, 1191.11, 1191.11, 1191.11, 1191.11, 1191.11, 1191.11, 1191.11, 1191.11, 1191.11, 1191.11, 1191.11, 1191.11, 1191.11, 1191.11, 1191.11, 1191.11, 1191.11, 1191.11, 1191.11, 1191.11, 1191.11, 1191.11, 1191.11, 1191.11, 1191.11, 1191.11, 1191.11, 1191.11, 1191.11, 1191.11, 1191.11, 1191.11, 1191.11, 1191.11, 1191.11, 1191.11, 1191.11, 1191.11, 1191.11, 1191.11, 1191.11, 1191.11, 1191.11, 1191.11, 1191.11, 1191.11, 1191.11, 1191.11, 1191.11, 1191.11, 1191.11, 1191.11, 1191.11, 1191.11, 1191.11, 1191.11, 1191.11, 1191.11, 1191.11, 1191.11, 1191.11, 1191.11, 1191.11, 1191.11, 1191.11, 1191.11, 1191.11, 1191.11, 1191.11, 1191.11, 1191.11, 1191.11, 1191.11, 1191.11, 1191.11, 1191.11, 1191.11, 1191.11, 1191.11, 1191.11, 1191.11, 1191.11, 1191.11, 1191.11, 1191.11, 1191.11, 1191.11, 1191.11, 1191.11, 1191.11, 1191.11, 1191.11, 1191.11, 1191.11, 1191.11, 1191.11, 1191.11, 1191.11, 1191.11, 1191.11, 1191.11, 1191.11, 1191.11, 1191.11, 1191.11, 1191.11, 1191.11, 1191.11, 1191.11, 1191.11, 1191.11, 1191.11, 1191.11, 1191.11, 1191.11, 1191.11, 1191.11, 1191.11, 1191.11, 1191.11, 1191.11, 1191.11, 1191.11, 1191.11, 1191.11, 1191.11, 1191.11, 1191.11, 1191.11, 1191.11, 1191.11, 1191.11, 1191.11, 1191.11, 1191.11, 1191.11, 1191.11, 1191.11, 1191.11, 1191.11, 1191.11, 1191.11, 1191.11, 1191.11, 1191.11, 1191.11, 1191.11, 1191.11, 1191.11, 1191.11, 1191.11, 1191.11, 1191.11, 1191.11, 1191.11, 1191.11, 1191.11, 1191.11, 1191.11, 1191.11, 1191.11, 1191.11, 1191.11, 1191.11, 1191.11, 1191.11, 1191.11, 1191.11, 1191.11, 1191.11, 1191.11, 1191.11, 1191.11, 1191.11, 1191.11, 1191.11, 1191.11, 1191.11, 1191.11, 1191.11, 1191.11, 1191.11, 1191.11, 1191.11, 1191.11, 1191.11, 1191.11, 1191.11, 1191.11, 1191.11, 1191.11, 1191.11, 1191.11, 1191.11, 597.89, 597.89, 597.89, 597.89, 597.89, 597.89, 597.89, 597.89, 597.89, 597.89, 597.89, 597.89, 0.0, 0.0, 0.0, 0.0, 0.0, 0.0, 0.0, 0.0, 0.0, 0.0, 0.0, 0.0, 0.0, 0.0, 0.0, 0.0, 0.0, 0.0, 0.0, 0.0, 0.0, 0.0, 0.0, 0.0, 0.0, 0.0, 0.0, 0.0, 0.0, 0.0, 0.0, 0.0, 0.0, 0.0, 0.0, 0.0, 0.0, 0.0, 0.0, 0.0, 0.0, 0.0, 0.0, 0.0, 0.0, 0.0, 0.0, 0.0, 0.0, 0.0, 0.0, 0.0, 0.0, 0.0, 0.0, 0.0, 0.0, 0.0, 0.0, 0.0, 0.0, 0.0, 0.0, 0.0, 0.0, 0.0, 0.0, 0.0, 0.0, 0.0, 0.0, 0.0, 0.0, 0.0, 0.0, 0.0, 0.0, 0.0, 0.0, 0.0, 0.0, 0.0, 0.0, 0.0, 0.0, 0.0, 0.0, 0.0, 0.0, 0.0, 0.0, 0.0, 0.0, 0.0, 0.0, 0.0, 0.0, 0.0, 0.0, 0.0, 0.0, 0.0, 0.0, 0.0, 0.0, 0.0, 0.0, 0.0]
-fund schedule
[2308.89, 2308.89, 2308.89, 2308.89, 2308.89, 2308.89, 2308.89, 2308.89, 2308.89, 2308.89, 2308.89, 2308.89, 2308.89, 2308.89, 2308.89, 2308.89, 2308.89, 2308.89, 2308.89, 2308.89, 2308.89, 2308.89, 2308.89, 2308.89, 2308.89, 2308.89, 2308.89, 2308.89, 2308.89, 2308.89, 2308.89, 2308.89, 2308.89, 2308.89, 2308.89, 2308.89, 2308.89, 2308.89, 2308.89, 2308.89, 2308.89, 2308.89, 2308.89, 2308.89, 2308.89, 2308.89, 2308.89, 2308.89, 2308.89, 2308.89, 2308.89, 2308.89, 2308.89, 2308.89, 2308.89, 2308.89, 2308.89, 2308.89, 2308.89, 2308.89, 2308.89, 2308.89, 2308.89, 2308.89, 2308.89, 2308.89, 2308.89, 2308.89, 2308.89, 2308.89, 2308.89, 2308.89, 2308.89, 2308.89, 2308.89, 2308.89, 2308.89, 2308.89, 2308.89, 2308.89, 2308.89, 2308.89, 2308.89, 2308.89, 2308.89, 2308.89, 2308.89, 2308.89, 2308.89, 2308.89, 2308.89, 2308.89, 2308.89, 2308.89, 2308.89, 2308.89, 2308.89, 2308.89, 2308.89, 2308.89, 2308.89, 2308.89, 2308.89, 2308.89, 2308.89, 2308.89, 2308.89, 2308.89, 2308.89, 2308.89, 2308.89, 2308.89, 2308.89, 2308.89, 2308.89, 2308.89, 2308.89, 2308.89, 2308.89, 2308.89, 2308.89, 2308.89, 2308.89, 2308.89, 2308.89, 2308.89, 2308.89, 2308.89, 2308.89, 2308.89, 2308.89, 2308.89, 2308.89, 2308.89, 2308.89, 2308.89, 2308.89, 2308.89, 2308.89, 2308.89, 2308.89, 2308.89, 2308.89, 2308.89, 2308.89, 2308.89, 2308.89, 2308.89, 2308.89, 2308.89, 2308.89, 2308.89, 2308.89, 2308.89, 2308.89, 2308.89, 2308.89, 2308.89, 2308.89, 2308.89, 2308.89, 2308.89, 2308.89, 2308.89, 2308.89, 2308.89, 2308.89, 2308.89, 2308.89, 2308.89, 2308.89, 2308.89, 2308.89, 2308.89, 2308.89, 2308.89, 2308.89, 2308.89, 2308.89, 2308.89, 2308.89, 2308.89, 2308.89, 2308.89, 2308.89, 2308.89, 2308.89, 2308.89, 2308.89, 2308.89, 2308.89, 2308.89, 2308.89, 2308.89, 2308.89, 2308.89, 2308.89, 2308.89, 2308.89, 2308.89, 2308.89, 2308.89, 2308.89, 2308.89, 2308.89, 2308.89, 2308.89, 2308.89, 2308.89, 2308.89, 2308.89, 2308.89, 2308.89, 2308.89, 2308.89, 2308.89, 2308.89, 2308.89, 2308.89, 2308.89, 2308.89, 2308.89, 2308.89, 2308.89, 2308.89, 2308.89, 2308.89, 2308.89, 2308.89, 2308.89, 2308.89, 2308.89, 2308.89, 2308.89, 2308.89, 2308.89, 2308.89, 2308.89, 2308.89, 2308.89, 2308.89, 2308.89, 2308.89, 2308.89, 2308.89, 2308.89, 2308.89, 2308.89, 2308.89, 2308.89, 2308.89, 2308.89, 2308.89, 2308.89, 2308.89, 2308.89, 2308.89, 2308.89, 2308.89, 2308.89, 2308.89, 2308.89, 2308.89, 2308.89, 2308.89, 2308.89, 2308.89, 2308.89, 2308.89, 2308.89, 2308.89, 2308.89, 2308.89, 2308.89, 2308.89, 2308.89, 2308.89, 2308.89, 2308.89, 2308.89, 2308.89, 2308.89, 2308.89, 2308.89, 2308.89, 2308.89, 2308.89, 2308.89, 2308.89, 2308.89, 2308.89, 2308.89, 2308.89, 2308.89, 2308.89, 2308.89, 2308.89, 2308.89, 2308.89, 2308.89, 2308.89, 2308.89, 2308.89, 2308.89, 2308.89, 2308.89, 2308.89, 2308.89, 2308.89, 2308.89, 2308.89, 2308.89, 2308.89, 2308.89, 2308.89, 2308.89, 2308.89, 2308.89, 2308.89, 2308.89, 2308.89, 2308.89, 2308.89, 2308.89, 2308.89, 2308.89, 2308.89, 2308.89, 2308.89, 2308.89, 2308.89, 2308.89, 2308.89, 2308.89, 2308.89, 2308.89, 2308.89, 2308.89, 2308.89, 2308.89, 2308.89, 2308.89, 2308.89, 2308.89, 2308.89, 2308.89, 2308.89, 2308.89, 2308.89, 2308.89, 2308.89, 2308.89, 2308.89, 2308.89, 2308.89, 2308.89, 2308.89, 2308.89, 2308.89, 2308.89, 2902.11, 2902.11, 2902.11, 2902.11, 2902.11, 2902.11, 2902.11, 2902.11, 2902.11, 2902.11, 2902.11, 2902.11, 3500.0, 3500.0, 3500.0, 3500.0, 3500.0, 3500.0, 3500.0, 3500.0, 3500.0, 3500.0, 3500.0, 3500.0, 3500.0, 3500.0, 3500.0, 3500.0, 3500.0, 3500.0, 3500.0, 3500.0, 3500.0, 3500.0, 3500.0, 3500.0, 3500.0, 3500.0, 3500.0, 3500.0, 3500.0, 3500.0, 3500.0, 3500.0, 3500.0, 3500.0, 3500.0, 3500.0, 3500.0, 3500.0, 3500.0, 3500.0, 3500.0, 3500.0, 3500.0, 3500.0, 3500.0, 3500.0, 3500.0, 3500.0, 3500.0, 3500.0, 3500.0, 3500.0, 3500.0, 3500.0, 3500.0, 3500.0, 3500.0, 3500.0, 3500.0, 3500.0, 3500.0, 3500.0, 3500.0, 3500.0, 3500.0, 3500.0, 3500.0, 3500.0, 3500.0, 3500.0, 3500.0, 3500.0, 3500.0, 3500.0, 3500.0, 3500.0, 3500.0, 3500.0, 3500.0, 3500.0, 3500.0, 3500.0, 3500.0, 3500.0, 3500.0, 3500.0, 3500.0, 3500.0, 3500.0, 3500.0, 3500.0, 3500.0, 3500.0, 3500.0, 3500.0, 3500.0, 3500.0, 3500.0, 3500.0, 3500.0, 3500.0, 3500.0, 3500.0, 3500.0, 3500.0, 3500.0, 3500.0, 3500.0]
-profit minus debt 5138608.975524144

****************DEBT**********************
          218.6k.   *                                
                .       *                            
          164.0k.           *   *                    
                .                                    
          109.3k.                   *                
                .                       *            
           54.7k.                           *        
                .                                    
            0.0k................................*....
                0.0     6.0     12.0    24.0    30.0 
                                                     
                                                     
****************LOAN_INTEREST**********************
           11.0k.   *                                
                .       *                            
            8.3k.           *   *                    
                .                   *                
            5.5k.                                    
                .                       *            
            2.8k.                           *        
                .                                    
            0.0k................................*....
                0.0     6.0     12.0    24.0    30.0 
                                                     
                                                     
****************INVESTMENT**********************
            5.9m.                               *    
                .                                    
            4.4m.                                    
                .                           *        
            3.0m.                       *            
                .                                    
            1.5m.               *   *                
                .       *   *                        
            0.0m....*................................
                0.0     96.0    192.0   384.0   480.0
                                                     
                                                     
