*********Start Values**************
-Plan Length Years = 40
-Monthly Available Income = 3500
Contribution Percentages House vs Investments (Adjusted to meet min mortgage payment and rent):
39.9, 39.9, 39.9, 39.9, 39.9, 39.9, 39.9, 39.9, 39.9, 39.9, 39.9, 39.9, 39.9, 39.9, 39.9, 39.9, 39.9, 39.9, 39.9, 39.9, 39.9, 39.9, 39.9, 39.9, 39.9, 39.9, 39.9, 39.9, 39.9, 39.9, 19.6, 19.6, 20.7, 20.7, 19.8, 19.8, 21.2, 21.2, 3.4, 5.0, 5.0, 4.1, 4.1, 5.5, 5.5, 6.9, 6.9, 98.9, 0.3, 0.3, 
-House Appreciation Rate = 5.0
-Mortgage Rate = 5.0
-House Value = 290184.78954806906
-Mortgage Loan Amount = 260369.57909613813
-Monthly Insurance =  125.0
-Monthly PMI = 120.0
-Property Tax Rate = 1.2
-Monthy HOA Fee = 0.0
-Yearly Up Keep = 4000.0
-Yearly Return Rate = 7.0
-Current Value = 184.7895480690604

*********Results**************
-home profit Summary[profitOrCost=-865347.8989830732, debt=0.16672950281281373]
-min monthly payment 1397.720200333766
-down payment 29815.21045193094
-fund interest Summary[profitOrCost=5422128.633426641, debt=0.0]
-home schedule
[1397.72, 1397.72, 1397.72, 1397.72, 1397.72, 1397.72, 1397.72, 1397.72, 1397.72, 1397.72, 1397.72, 1397.72, 1397.72, 1397.72, 1397.72, 1397.72, 1397.72, 1397.72, 1397.72, 1397.72, 1397.72, 1397.72, 1397.72, 1397.72, 1397.72, 1397.72, 1397.72, 1397.72, 1397.72, 1397.72, 1397.72, 1397.72, 1397.72, 1397.72, 1397.72, 1397.72, 1397.72, 1397.72, 1397.72, 1397.72, 1397.72, 1397.72, 1397.72, 1397.72, 1397.72, 1397.72, 1397.72, 1397.72, 1397.72, 1397.72, 1397.72, 1397.72, 1397.72, 1397.72, 1397.72, 1397.72, 1397.72, 1397.72, 1397.72, 1397.72, 1397.72, 1397.72, 1397.72, 1397.72, 1397.72, 1397.72, 1397.72, 1397.72, 1397.72, 1397.72, 1397.72, 1397.72, 1397.72, 1397.72, 1397.72, 1397.72, 1397.72, 1397.72, 1397.72, 1397.72, 1397.72, 1397.72, 1397.72, 1397.72, 1397.72, 1397.72, 1397.72, 1397.72, 1397.72, 1397.72, 1397.72, 1397.72, 1397.72, 1397.72, 1397.72, 1397.72, 1397.72, 1397.72, 1397.72, 1397.72, 1397.72, 1397.72, 1397.72, 1397.72, 1397.72, 1397.72, 1397.72, 1397.72, 1397.72, 1397.72, 1397.72, 1397.72, 1397.72, 1397.72, 1397.72, 1397.72, 1397.72, 1397.72, 1397.72, 1397.72, 1397.72, 1397.72, 1397.72, 1397.72, 1397.72, 1397.72, 1397.72, 1397.72, 1397.72, 1397.72, 1397.72, 1397.72, 1397.72, 1397.72, 1397.72, 1397.72, 1397.72, 1397.72, 1397.72, 1397.72, 1397.72, 1397.72, 1397.72, 1397.72, 1397.72, 1397.72, 1397.72, 1397.72, 1397.72, 1397.72, 1397.72, 1397.72, 1397.72, 1397.72, 1397.72, 1397.72, 1397.72, 1397.72, 1397.72, 1397.72, 1397.72, 1397.72, 1397.72, 1397.72, 1397.72, 1397.72, 1397.72, 1397.72, 1397.72, 1397.72, 1397.72, 1397.72, 1397.72, 1397.72, 1397.72, 1397.72, 1397.72, 1397.72, 1397.72, 1397.72, 1397.72, 1397.72, 1397.72, 1397.72, 1397.72, 1397.72, 1397.72, 1397.72, 1397.72, 1397.72, 1397.72, 1397.72, 1397.72, 1397.72, 1397.72, 1397.72, 1397.72, 1397.72, 1397.72, 1397.72, 1397.72, 1397.72, 1397.72, 1397.72, 1397.72, 1397.72, 1397.72, 1397.72, 1397.72, 1397.72, 1397.72, 1397.72, 1397.72, 1397.72, 1397.72, 1397.72, 1397.72, 1397.72, 1397.72, 1397.72, 1397.72, 1397.72, 1397.72, 1397.72, 1397.72, 1397.72, 1397.72, 1397.72, 1397.72, 1397.72, 1397.72, 1397.72, 1397.72, 1397.72, 1397.72, 1397.72, 1397.72, 1397.72, 1397.72, 1397.72, 1397.72, 1397.72, 1397.72, 1397.72, 1397.72, 1397.72, 1397.72, 1397.72, 1397.72, 1397.72, 1397.72, 1397.72, 1397.72, 1397.72, 1397.72, 1397.72, 1397.72, 1397.72, 1397.72, 1397.72, 1397.72, 1397.72, 1397.72, 1397.72, 1397.72, 1397.72, 1397.72, 1397.72, 1397.72, 1397.72, 1397.72, 1397.72, 1397.72, 1397.72, 1397.72, 1397.72, 1397.72, 1397.72, 1397.72, 1397.72, 1397.72, 1397.72, 1397.72, 1397.72, 1397.72, 1397.72, 1397.72, 1397.72, 1397.72, 1397.72, 1397.72, 1397.72, 1397.72, 1397.72, 1397.72, 1397.72, 1397.72, 1397.72, 1397.72, 1397.72, 1397.72, 1397.72, 1397.72, 1397.72, 1397.72, 1397.72, 1397.72, 1397.72, 1397.72, 1397.72, 1397.72, 1397.72, 1397.72, 1397.72, 1397.72, 1397.72, 1397.72, 1397.72, 1397.72, 1397.72, 1397.72, 1397.72, 1397.72, 1397.72, 1397.72, 1397.72, 1397.72, 1397.72, 1397.72, 1397.72, 1397.72, 1397.72, 1397.72, 1397.72, 1397.72, 1397.72, 1397.72, 1397.72, 1397.72, 1397.72, 1397.72, 1397.72, 1397.72, 1397.72, 1397.72, 1397.72, 1397.72, 1397.72, 1397.72, 1397.72, 1397.72, 1397.72, 1397.72, 1397.72, 1397.72, 1397.72, 1397.72, 1397.72, 1397.72, 1397.72, 685.14, 685.14, 685.14, 685.14, 685.14, 685.14, 685.14, 685.14, 685.14, 685.14, 685.14, 685.14, 0.0, 0.0, 0.0, 0.0, 0.0, 0.0, 0.0, 0.0, 0.0, 0.0, 0.0, 0.0, 0.0, 0.0, 0.0, 0.0, 0.0, 0.0, 0.0, 0.0, 0.0, 0.0, 0.0, 0.0, 0.0, 0.0, 0.0, 0.0, 0.0, 0.0, 0.0, 0.0, 0.0, 0.0, 0.0, 0.0, 0.0, 0.0, 0.0, 0.0, 0.0, 0.0, 0.0, 0.0, 0.0, 0.0, 0.0, 0.0, 0.0, 0.0, 0.0, 0.0, 0.0, 0.0, 0.0, 0.0, 0.0, 0.0, 0.0, 0.0, 0.0, 0.0, 0.0, 0.0, 0.0, 0.0, 0.0, 0.0, 0.0, 0.0, 0.0, 0.0, 0.0, 0.0, 0.0, 0.0, 0.0, 0.0, 0.0, 0.0, 0.0, 0.0, 0.0, 0.0, 0.0, 0.0, 0.0, 0.0, 0.0, 0.0, 0.0, 0.0, 0.0, 0.0, 0.0, 0.0, 0.0, 0.0, 0.0, 0.0, 0.0, 0.0, 0.0, 0.0, 0.0, 0.0, 0.0, 0.0]
-fund schedule
[2102.28, 2102.28, 2102.28, 2102.28, 2102.28, 2102.28, 2102.28, 2102.28, 2102.28, 2102.28, 2102.28, 2102.28, 2102.28, 2102.28, 2102.28, 2102.28, 2102.28, 2102.28, 2102.28, 2102.28, 2102.28, 2102.28, 2102.28, 2102.28, 2102.28, 2102.28, 2102.28, 2102.28, 2102.28, 2102.28, 2102.28, 2102.28, 2102.28, 2102.28, 2102.28, 2102.28, 2102.28, 2102.28, 2102.28, 2102.28, 2102.28, 2102.28, 2102.28, 2102.28, 2102.28, 2102.28, 2102.28, 2102.28, 2102.28, 2102.28, 2102.28, 2102.28, 2102.28, 2102.28, 2102.28, 2102.28, 2102.28, 2102.28, 2102.28, 2102.28, 2102.28, 2102.28, 2102.28, 2102.28, 2102.28, 2102.28, 2102.28, 2102.28, 2102.28, 2102.28, 2102.28, 2102.28, 2102.28, 2102.28, 2102.28, 2102.28, 2102.28, 2102.28, 2102.28, 2102.28, 2102.28, 2102.28, 2102.28, 2102.28, 2102.28, 2102.28, 2102.28, 2102.28, 2102.28, 2102.28, 2102.28, 2102.28, 2102.28, 2102.28, 2102.28, 2102.28, 2102.28, 2102.28, 2102.28, 2102.28, 2102.28, 2102.28, 2102.28, 2102.28, 2102.28, 2102.28, 2102.28, 2102.28, 2102.28, 2102.28, 2102.28, 2102.28, 2102.28, 2102.28, 2102.28, 2102.28, 2102.28, 2102.28, 2102.28, 2102.28, 2102.28, 2102.28, 2102.28, 2102.28, 2102.28, 2102.28, 2102.28, 2102.28, 2102.28, 2102.28, 2102.28, 2102.28, 2102.28, 2102.28, 2102.28, 2102.28, 2102.28, 2102.28, 2102.28, 2102.28, 2102.28, 2102.28, 2102.28, 2102.28, 2102.28, 2102.28, 2102.28, 2102.28, 2102.28, 2102.28, 2102.28, 2102.28, 2102.28, 2102.28, 2102.28, 2102.28, 2102.28, 2102.28, 2102.28, 2102.28, 2102.28, 2102.28, 2102.28, 2102.28, 2102.28, 2102.28, 2102.28, 2102.28, 2102.28, 2102.28, 2102.28, 2102.28, 2102.28, 2102.28, 2102.28, 2102.28, 2102.28, 2102.28, 2102.28, 2102.28, 2102.28, 2102.28, 2102.28, 2102.28, 2102.28, 2102.28, 2102.28, 2102.28, 2102.28, 2102.28, 2102.28, 2102.28, 2102.28, 2102.28, 2102.28, 2102.28, 2102.28, 2102.28, 2102.28, 2102.28, 2102.28, 2102.28, 2102.28, 2102.28, 2102.28, 2102.28, 2102.28, 2102.28, 2102.28, 2102.28, 2102.28, 2102.28, 2102.28, 2102.28, 2102.28, 2102.28, 2102.28, 2102.28, 2102.28, 2102.28, 2102.28, 2102.28, 2102.28, 2102.28, 2102.28, 2102.28, 2102.28, 2102.28, 2102.28, 2102.28, 2102.28, 2102.28, 2102.28, 2102.28, 2102.28, 2102.28, 2102.28, 2102.28, 2102.28, 2102.28, 2102.28, 2102.28, 2102.28, 2102.28, 2102.28, 2102.28, 2102.28, 2102.28, 2102.28, 2102.28, 2102.28, 2102.28, 2102.28, 2102.28, 2102.28, 2102.28, 2102.28, 2102.28, 2102.28, 2102.28, 2102.28, 2102.28, 2102.28, 2102.28, 2102.28, 2102.28, 2102.28, 2102.28, 2102.28, 2102.28, 2102.28, 2102.28, 2102.28, 2102.28, 2102.28, 2102.28, 2102.28, 2102.28, 2102.28, 2102.28, 2102.28, 2102.28, 2102.28, 2102.28, 2102.28, 2102.28, 2102.28, 2102.28, 2102.28, 2102.28, 2102.28, 2102.28, 2102.28, 2102.28, 2102.28, 2102.28, 2102.28, 2102.28, 2102.28, 2102.28, 2102.28, 2102.28, 2102.28, 2102.28, 2102.28, 2102.28, 2102.28, 2102.28, 2102.28, 2102.28, 2102.28, 2102.28, 2102.28, 2102.28, 2102.28, 2102.28, 2102.28, 2102.28, 2102.28, 2102.28, 2102.28, 2102.28, 2102.28, 2102.28, 2102.28, 2102.28, 2102.28, 2102.28, 2102.28, 2102.28, 2102.28, 2102.28, 2102.28, 2102.28, 2102.28, 2102.28, 2102.28, 2102.28, 2102.28, 2102.28, 2102.28, 2102.28, 2102.28, 2102.28, 2102.28, 2102.28, 2102.28, 2102.28, 2102.28, 2102.28, 2102.28, 2102.28, 2102.28, 2102.28, 2102.28, 2102.28, 2102.28, 2102.28, 2102.28, 2102.28, 2814.86, 2814.86, 2814.86, 2814.86, 2814.86, 2814.86, 2814.86, 2814.86, 2814.86, 2814.86, 2814.86, 2814.86, 3500.0, 3500.0, 3500.0, 3500.0, 3500.0, 3500.0, 3500.0, 3500.0, 3500.0, 3500.0, 3500.0, 3500.0, 3500.0, 3500.0, 3500.0, 3500.0, 3500.0, 3500.0, 3500.0, 3500.0, 3500.0, 3500.0, 3500.0, 3500.0, 3500.0, 3500.0, 3500.0, 3500.0, 3500.0, 3500.0, 3500.0, 3500.0, 3500.0, 3500.0, 3500.0, 3500.0, 3500.0, 3500.0, 3500.0, 3500.0, 3500.0, 3500.0, 3500.0, 3500.0, 3500.0, 3500.0, 3500.0, 3500.0, 3500.0, 3500.0, 3500.0, 3500.0, 3500.0, 3500.0, 3500.0, 3500.0, 3500.0, 3500.0, 3500.0, 3500.0, 3500.0, 3500.0, 3500.0, 3500.0, 3500.0, 3500.0, 3500.0, 3500.0, 3500.0, 3500.0, 3500.0, 3500.0, 3500.0, 3500.0, 3500.0, 3500.0, 3500.0, 3500.0, 3500.0, 3500.0, 3500.0, 3500.0, 3500.0, 3500.0, 3500.0, 3500.0, 3500.0, 3500.0, 3500.0, 3500.0, 3500.0, 3500.0, 3500.0, 3500.0, 3500.0, 3500.0, 3500.0, 3500.0, 3500.0, 3500.0, 3500.0, 3500.0, 3500.0, 3500.0, 3500.0, 3500.0, 3500.0, 3500.0]
-profit minus debt 4556780.567714065

****************DEBT**********************
          256.5k.   *                                
                .       *                            
          192.4k.           *   *                    
                .                                    
          128.3k.                   *                
                .                       *            
           64.1k.                           *        
                .                                    
            0.0k................................*....
                0.0     6.0     12.0    24.0    30.0 
                                                     
                                                     
****************LOAN_INTEREST**********************
           12.9k.   *                                
                .       *                            
            9.7k.           *   *                    
                .                   *                
            6.5k.                                    
                .                       *            
            3.2k.                           *        
                .                                    
            0.0k................................*....
                0.0     6.0     12.0    24.0    30.0 
                                                     
                                                     
****************INVESTMENT**********************
            5.4m.                               *    
                .                                    
            4.1m.                                    
                .                           *        
            2.7m.                       *            
                .                                    
            1.4m.               *   *                
                .       *   *                        
            0.0m....*................................
                0.0     96.0    192.0   384.0   480.0
                                                     
                                                     
