*********Start Values**************
-Plan Length Years = 40
-Monthly Available Income = 3500
Contribution Percentages House vs Investments (Adjusted to meet min mortgage payment and rent):
30.8, 30.8, 30.8, 30.8, 30.8, 31.7, 30.8, 30.8, 30.8, 30.8, 30.8, 30.8, 30.8, 30.8, 30.8, 30.8, 30.8, 30.8, 30.8, 30.8, 30.8, 30.8, 30.8, 30.8, 30.8, 30.8, 30.8, 30.8, 30.8, 30.8, 17.1, 17.1, 18.2, 18.2, 0.4, 99.5, 99.5, 0.9, 0.9, 2.6, 2.6, 4.0, 4.0, 3.1, 95.3, 95.3, 96.4, 96.4, 97.8, 97.8, 
-House Appreciation Rate = 5.0
-Mortgage Rate = 5.0
-House Value = 230243.7293466375
-Mortgage Loan Amount = 200487.458693275
-Monthly Insurance =  125.0
-Monthly PMI = 120.0
-Property Tax Rate = 1.2
-Monthy HOA Fee = 0.0
-Yearly Up Keep = 4000.0
-Yearly Return Rate = 7.0
-Current Value = 243.7293466374831

*********Results**************
-home profit Summary[profitOrCost=-721236.6300863859, debt=-1308.1917134596497]
-min monthly payment 1076.260029693032
-down payment 29756.270653362517
-fund interest Summary[profitOrCost=6160507.718309503, debt=0.0]
-home schedule
[1076.26, 1076.26, 1076.26, 1076.26, 1076.26, 1076.26, 1076.26, 1076.26, 1076.26, 1076.26, 1076.26, 1076.26, 1076.26, 1076.26, 1076.26, 1076.26, 1076.26, 1076.26, 1076.26, 1076.26, 1076.26, 1076.26, 1076.26, 1076.26, 1076.26, 1076.26, 1076.26, 1076.26, 1076.26, 1076.26, 1076.26, 1076.26, 1076.26, 1076.26, 1076.26, 1076.26, 1076.26, 1076.26, 1076.26, 1076.26, 1076.26, 1076.26, 1076.26, 1076.26, 1076.26, 1076.26, 1076.26, 1076.26, 1076.26, 1076.26, 1076.26, 1076.26, 1076.26, 1076.26, 1076.26, 1076.26, 1076.26, 1076.26, 1076.26, 1076.26, 1108.43, 1108.43, 1108.43, 1108.43, 1108.43, 1108.43, 1108.43, 1108.43, 1108.43, 1108.43, 1108.43, 1108.43, 1076.26, 1076.26, 1076.26, 1076.26, 1076.26, 1076.26, 1076.26, 1076.26, 1076.26, 1076.26, 1076.26, 1076.26, 1076.26, 1076.26, 1076.26, 1076.26, 1076.26, 1076.26, 1076.26, 1076.26, 1076.26, 1076.26, 1076.26, 1076.26, 1076.26, 1076.26, 1076.26, 1076.26, 1076.26, 1076.26, 1076.26, 1076.26, 1076.26, 1076.26, 1076.26, 1076.26, 1076.26, 1076.26, 1076.26, 1076.26, 1076.26, 1076.26, 1076.26, 1076.26, 1076.26, 1076.26, 1076.26, 1076.26, 1076.26, 1076.26, 1076.26, 1076.26, 1076.26, 1076.26, 1076.26, 1076.26, 1076.26, 1076.26, 1076.26, 1076.26, 1076.26, 1076.26, 1076.26, 1076.26, 1076.26, 1076.26, 1076.26, 1076.26, 1076.26, 1076.26, 1076.26, 1076.26, 1076.26, 1076.26, 1076.26, 1076.26, 1076.26, 1076.26, 1076.26, 1076.26, 1076.26, 1076.26, 1076.26, 1076.26, 1076.26, 1076.26, 1076.26, 1076.26, 1076.26, 1076.26, 1076.26, 1076.26, 1076.26, 1076.26, 1076.26, 1076.26, 1076.26, 1076.26, 1076.26, 1076.26, 1076.26, 1076.26, 1076.26, 1076.26, 1076.26, 1076.26, 1076.26, 1076.26, 1076.26, 1076.26, 1076.26, 1076.26, 1076.26, 1076.26, 1076.26, 1076.26, 1076.26, 1076.26, 1076.26, 1076.26, 1076.26, 1076.26, 1076.26, 1076.26, 1076.26, 1076.26, 1076.26, 1076.26, 1076.26, 1076.26, 1076.26, 1076.26, 1076.26, 1076.26, 1076.26, 1076.26, 1076.26, 1076.26, 1076.26, 1076.26, 1076.26, 1076.26, 1076.26, 1076.26, 1076.26, 1076.26, 1076.26, 1076.26, 1076.26, 1076.26, 1076.26, 1076.26, 1076.26, 1076.26, 1076.26, 1076.26, 1076.26, 1076.26, 1076.26, 1076.26, 1076.26, 1076.26, 1076.26, 1076.26, 1076.26, 1076.26, 1076.26, 1076.26, 1076.26, 1076.26, 1076.26, 1076.26, 1076.26, 1076.26, 1076.26, 1076.26, 1076.26, 1076.26, 1076.26, 1076.26, 1076.26, 1076.26, 1076.26, 1076.26, 1076.26, 1076.26, 1076.26, 1076.26, 1076.26, 1076.26, 1076.26, 1076.26, 1076.26, 1076.26, 1076.26, 1076.26, 1076.26, 1076.26, 1076.26, 1076.26, 1076.26, 1076.26, 1076.26, 1076.26, 1076.26, 1076.26, 1076.26, 1076.26, 1076.26, 1076.26, 1076.26, 1076.26, 1076.26, 1076.26, 1076.26, 1076.26, 1076.26, 1076.26, 1076.26, 1076.26, 1076.26, 1076.26, 1076.26, 1076.26, 1076.26, 1076.26, 1076.26, 1076.26, 1076.26, 1076.26, 1076.26, 1076.26, 1076.26, 1076.26, 1076.26, 1076.26, 1076.26, 1076.26, 1076.26, 1076.26, 1076.26, 1076.26, 1076.26, 1076.26, 1076.26, 1076.26, 1076.26, 1076.26, 1076.26, 1076.26, 1076.26, 1076.26, 1076.26, 1076.26, 1076.26, 1076.26, 1076.26, 1076.26, 1076.26, 1076.26, 1076.26, 1076.26, 1076.26, 1076.26, 1076.26, 1076.26, 1076.26, 1076.26, 1076.26, 1076.26, 1076.26, 1076.26, 1076.26, 1076.26, 1076.26, 1076.26, 1076.26, 1076.26, 1076.26, 1076.26, 1076.26, 1076.26, 1076.26, 1076.26, 1076.26, 1076.26, 1076.26, 1076.26, 599.25, 599.25, 599.25, 599.25, 599.25, 599.25, 599.25, 599.25, 599.25, 599.25, 599.25, 599.25, 0.0, 0.0, 0.0, 0.0, 0.0, 0.0, 0.0, 0.0, 0.0, 0.0, 0.0, 0.0, 0.0, 0.0, 0.0, 0.0, 0.0, 0.0, 0.0, 0.0, 0.0, 0.0, 0.0, 0.0, 0.0, 0.0, 0.0, 0.0, 0.0, 0.0, 0.0, 0.0, 0.0, 0.0, 0.0, 0.0, 0.0, 0.0, 0.0, 0.0, 0.0, 0.0, 0.0, 0.0, 0.0, 0.0, 0.0, 0.0, 0.0, 0.0, 0.0, 0.0, 0.0, 0.0, 0.0, 0.0, 0.0, 0.0, 0.0, 0.0, 0.0, 0.0, 0.0, 0.0, 0.0, 0.0, 0.0, 0.0, 0.0, 0.0, 0.0, 0.0, 0.0, 0.0, 0.0, 0.0, 0.0, 0.0, 0.0, 0.0, 0.0, 0.0, 0.0, 0.0, 0.0, 0.0, 0.0, 0.0, 0.0, 0.0, 0.0, 0.0, 0.0, 0.0, 0.0, 0.0, 0.0, 0.0, 0.0, 0.0, 0.0, 0.0, 0.0, 0.0, 0.0, 0.0, 0.0, 0.0]
-fund schedule
[2423.74, 2423.74, 2423.74, 2423.74, 2423.74, 2423.74, 2423.74, 2423.74, 2423.74, 2423.74, 2423.74, 2423.74, 2423.74, 2423.74, 2423.74, 2423.74, 2423.74, 2423.74, 2423.74, 2423.74, 2423.74, 2423.74, 2423.74, 2423.74, 2423.74, 2423.74, 2423.74, 2423.74, 2423.74, 2423.74, 2423.74, 2423.74, 2423.74, 2423.74, 2423.74, 2423.74, 2423.74, 2423.74, 2423.74, 2423.74, 2423.74, 2423.74, 2423.74, 2423.74, 2423.74, 2423.74, 2423.74, 2423.74, 2423.74, 2423.74, 2423.74, 2423.74, 2423.74, 2423.74, 2423.74, 2423.74, 2423.74, 2423.74, 2423.74, 2423.74, 2391.57, 2391.57, 2391.57, 2391.57, 2391.57, 2391.57, 2391.57, 2391.57, 2391.57, 2391.57, 2391.57, 2391.57, 2423.74, 2423.74, 2423.74, 2423.74, 2423.74, 2423.74, 2423.74, 2423.74, 2423.74, 2423.74, 2423.74, 2423.74, 2423.74, 2423.74, 2423.74, 2423.74, 2423.74, 2423.74, 2423.74, 2423.74, 2423.74, 2423.74, 2423.74, 2423.74, 2423.74, 2423.74, 2423.74, 2423.74, 2423.74, 2423.74, 2423.74, 2423.74, 2423.74, 2423.74, 2423.74, 2423.74, 2423.74, 2423.74, 2423.74, 2423.74, 2423.74, 2423.74, 2423.74, 2423.74, 2423.74, 2423.74, 2423.74, 2423.74, 2423.74, 2423.74, 2423.74, 2423.74, 2423.74, 2423.74, 2423.74, 2423.74, 2423.74, 2423.74, 2423.74, 2423.74, 2423.74, 2423.74, 2423.74, 2423.74, 2423.74, 2423.74, 2423.74, 2423.74, 2423.74, 2423.74, 2423.74, 2423.74, 2423.74, 2423.74, 2423.74, 2423.74, 2423.74, 2423.74, 2423.74, 2423.74, 2423.74, 2423.74, 2423.74, 2423.74, 2423.74, 2423.74, 2423.74, 2423.74, 2423.74, 2423.74, 2423.74, 2423.74, 2423.74, 2423.74, 2423.74, 2423.74, 2423.74, 2423.74, 2423.74, 2423.74, 2423.74, 2423.74, 2423.74, 2423.74, 2423.74, 2423.74, 2423.74, 2423.74, 2423.74, 2423.74, 2423.74, 2423.74, 2423.74, 2423.74, 2423.74, 2423.74, 2423.74, 2423.74, 2423.74, 2423.74, 2423.74, 2423.74, 2423.74, 2423.74, 2423.74, 2423.74, 2423.74, 2423.74, 2423.74, 2423.74, 2423.74, 2423.74, 2423.74, 2423.74, 2423.74, 2423.74, 2423.74, 2423.74, 2423.74, 2423.74, 2423.74, 2423.74, 2423.74, 2423.74, 2423.74, 2423.74, 2423.74, 2423.74, 2423.74, 2423.74, 2423.74, 2423.74, 2423.74, 2423.74, 2423.74, 2423.74, 2423.74, 2423.74, 2423.74, 2423.74, 2423.74, 2423.74, 2423.74, 2423.74, 2423.74, 2423.74, 2423.74, 2423.74, 2423.74, 2423.74, 2423.74, 2423.74, 2423.74, 2423.74, 2423.74, 2423.74, 2423.74, 2423.74, 2423.74, 2423.74, 2423.74, 2423.74, 2423.74, 2423.74, 2423.74, 2423.74, 2423.74, 2423.74, 2423.74, 2423.74, 2423.74, 2423.74, 2423.74, 2423.74, 2423.74, 2423.74, 2423.74, 2423.74, 2423.74, 2423.74, 2423.74, 2423.74, 2423.74, 2423.74, 2423.74, 2423.74, 2423.74, 2423.74, 2423.74, 2423.74, 2423.74, 2423.74, 2423.74, 2423.74, 2423.74, 2423.74, 2423.74, 2423.74, 2423.74, 2423.74, 2423.74, 2423.74, 2423.74, 2423.74, 2423.74, 2423.74, 2423.74, 2423.74, 2423.74, 2423.74, 2423.74, 2423.74, 2423.74, 2423.74, 2423.74, 2423.74, 2423.74, 2423.74, 2423.74, 2423.74, 2423.74, 2423.74, 2423.74, 2423.74, 2423.74, 2423.74, 2423.74, 2423.74, 2423.74, 2423.74, 2423.74, 2423.74, 2423.74, 2423.74, 2423.74, 2423.74, 2423.74, 2423.74, 2423.74, 2423.74, 2423.74, 2423.74, 2423.74, 2423.74, 2423.74, 2423.74, 2423.74, 2423.74, 2423.74, 2423.74, 2423.74, 2423.74, 2423.74, 2423.74, 2423.74, 2423.74, 2423.74, 2423.74, 2423.74, 2423.74, 2423.74, 2423.74, 2423.74, 2423.74, 2423.74, 2423.74, 2423.74, 2423.74, 2900.75, 2900.75, 2900.75, 2900.75, 2900.75, 2900.75, 2900.75, 2900.75, 2900.75, 2900.75, 2900.75, 2900.75, 3500.0, 3500.0, 3500.0, 3500.0, 3500.0, 3500.0, 3500.0, 3500.0, 3500.0, 3500.0, 3500.0, 3500.0, 3500.0, 3500.0, 3500.0, 3500.0, 3500.0, 3500.0, 3500.0, 3500.0, 3500.0, 3500.0, 3500.0, 3500.0, 3500.0, 3500.0, 3500.0, 3500.0, 3500.0, 3500.0, 3500.0, 3500.0, 3500.0, 3500.0, 3500.0, 3500.0, 3500.0, 3500.0, 3500.0, 3500.0, 3500.0, 3500.0, 3500.0, 3500.0, 3500.0, 3500.0, 3500.0, 3500.0, 3500.0, 3500.0, 3500.0, 3500.0, 3500.0, 3500.0, 3500.0, 3500.0, 3500.0, 3500.0, 3500.0, 3500.0, 3500.0, 3500.0, 3500.0, 3500.0, 3500.0, 3500.0, 3500.0, 3500.0, 3500.0, 3500.0, 3500.0, 3500.0, 3500.0, 3500.0, 3500.0, 3500.0, 3500.0, 3500.0, 3500.0, 3500.0, 3500.0, 3500.0, 3500.0, 3500.0, 3500.0, 3500.0, 3500.0, 3500.0, 3500.0, 3500.0, 3500.0, 3500.0, 3500.0, 3500.0, 3500.0, 3500.0, 3500.0, 3500.0, 3500.0, 3500.0, 3500.0, 3500.0, 3500.0, 3500.0, 3500.0, 3500.0, 3500.0, 3500.0]
-profit minus debt 5440579.279936577

****************DEBT**********************
          197.5k.   *                                
                .       *                            
          147.8k.           *                        
                .               *                    
           98.1k.                   *                
                .                       *            
           48.4k.                           *        
                .                                    
           -1.3k................................*....
                0.0     6.0     12.0    24.0    30.0 
                                                     
                                                     
****************LOAN_INTEREST**********************
           10.0k.   *                                
                .       *                            
            7.5k.           *   *                    
                .                   *                
            5.0k.                                    
                .                       *            
            2.5k.                           *        
                .                                    
            0.0k................................*....
                0.0     6.0     12.0    24.0    30.0 
                                                     
                                                     
****************INVESTMENT**********************
            6.2m.                               *    
                .                                    
            4.7m.                                    
                .                           *        
            3.1m.                       *            
                .                                    
            1.6m.               *   *                
                .       *   *                        
            0.0m....*................................
                0.0     96.0    192.0   384.0   480.0
                                                     
                                                     
